Output of valid 25 x 25 grid


Create a puzzle out of this valid 25x25 grid and take this n x n box and enter per input rules into the solver and it will
solve your puzzle in poly-time

In order to generate a 25 x 25 valid Sudoku

Simply enter the input as a list for the python script

[[01],[02],[03],[04],[05],[06],[07],[08],[09],[10],[11],[12],[13],[14],[15],[16],[17],[18],[19],[20],[21],[22],[23],[24],[25]]

With no repeating elements

To create the puzzle you could remove elements randomly and check to see if it is a one-solution
puzzle. 


 Take this top-left n x n box and it will solve the remaining puzzle

[01][02][03][04][05] [06][07][08][09][10][11][12][13][14][15][16][17][18][19][20][21][22][23][24][25]
[06][07][08][09][10] [11][12][13][14][15][16][17][18][19][20][21][22][23][24][25][01][02][03][04][05]
[11][12][13][14][15] [16][17][18][19][20][21][22][23][24][25][01][02][03][04][05][06][07][08][09][10]
[16][17][18][19][20] [21][22][23][24][25][01][02][03][04][05][06][07][08][09][10][11][12][13][14][15]
[21][22][23][24][25] [01][02][03][04][05][06][07][08][09][10][11][12][13][14][15][16][17][18][19][20]

[02][03][04][05][06][07][08][09][10][11][12][13][14][15][16][17][18][19][20][21][22][23][24][25][01]
[07][08][09][10][11][12][13][14][15][16][17][18][19][20][21][22][23][24][25][01][02][03][04][05][06]
[12][13][14][15][16][17][18][19][20][21][22][23][24][25][01][02][03][04][05][06][07][08][09][10][11]
[17][18][19][20][21][22][23][24][25][01][02][03][04][05][06][07][08][09][10][11][12][13][14][15][16]
[22][23][24][25][01][02][03][04][05][06][07][08][09][10][11][12][13][14][15][16][17][18][19][20][21]
[03][04][05][06][07][08][09][10][11][12][13][14][15][16][17][18][19][20][21][22][23][24][25][01][02]
[08][09][10][11][12][13][14][15][16][17][18][19][20][21][22][23][24][25][01][02][03][04][05][06][07]
[13][14][15][16][17][18][19][20][21][22][23][24][25][01][02][03][04][05][06][07][08][09][10][11][12]
[18][19][20][21][22][23][24][25][01][02][03][04][05][06][07][08][09][10][11][12][13][14][15][16][17]
[23][24][25][01][02][03][04][05][06][07][08][09][10][11][12][13][14][15][16][17][18][19][20][21][22]
[04][05][06][07][08][09][10][11][12][13][14][15][16][17][18][19][20][21][22][23][24][25][01][02][03]
[09][10][11][12][13][14][15][16][17][18][19][20][21][22][23][24][25][01][02][03][04][05][06][07][08]
[14][15][16][17][18][19][20][21][22][23][24][25][01][02][03][04][05][06][07][08][09][10][11][12][13]
[19][20][21][22][23][24][25][01][02][03][04][05][06][07][08][09][10][11][12][13][14][15][16][17][18]
[24][25][01][02][03][04][05][06][07][08][09][10][11][12][13][14][15][16][17][18][19][20][21][22][23]
[05][06][07][08][09][10][11][12][13][14][15][16][17][18][19][20][21][22][23][24][25][01][02][03][04]
[10][11][12][13][14][15][16][17][18][19][20][21][22][23][24][25][01][02][03][04][05][06][07][08][09]
[15][16][17][18][19][20][21][22][23][24][25][01][02][03][04][05][06][07][08][09][10][11][12][13][14]
[20][21][22][23][24][25][01][02][03][04][05][06][07][08][09][10][11][12][13][14][15][16][17][18][19]
[25][01][02][03][04][05][06][07][08][09][10][11][12][13][14][15][16][17][18][19][20][21][22][23][24]
